0.7027076
0.5167729
0.5078628
0.6260744
0.1321664
0.4620058
0.3441429
0.02308283
-0.1145271
0.2899397
-0.3311531
0.02314794
-0.1935629
0.5166146
-0.1265842
0.2150172
-0.1534045
-0.08159545
-0.5502369
0.4556054
-0.4272196
-0.5497257
-0.4134021
-0.4722499
-0.7423074
-1.075284
-0.5104687
-0.5216179
-0.8129184
-0.5718659
-0.7193154
-0.4640318
-0.4474848
-0.5319853
-0.8789885
-0.9792855
-0.9139244
-0.7149387
-0.5936745
-1.379181
-0.853111
-1.396968
-0.9788844
-0.7832318
-0.8980365
-0.8205971
-1.224751
-0.3834365
-1.117748
-0.9496633
-0.8022982
-1.060788
-0.672674
-1.132356
-1.279309
-0.7432038
-1.248509
-1.168448
-0.8951302
-0.5100707
-0.8576334
-0.8008385
-0.7072458
-1.329331
-0.9776332
-0.7694039
-1.366365
-0.9765028
-0.7791422
-0.7277261
-0.4841241
-1.063676
-0.514558
-1.028373
-0.3847236
-0.3434342
-0.1272366
-0.413945
-1.146413
-0.2538481
-0.9688302
-0.8478527
-0.3660767
-0.3408884
-0.4523717
-0.3654812
-0.1111326
-0.4585697
-0.1569402
-0.05739489
-0.2786623
-0.08256004
0.1317652
0.2575684
0.2213959
0.7149994
-0.2122935
0.01860938
0.4672187
0.3181783
-0.04401189
0.6415768
0.4076309
0.487176
0.3553266
0.2930237
0.1789074
0.5917685
0.7533238
0.4307702
0.5877376
1.026727
0.1511127
0.8079861
0.5201459
0.9007275
0.8214236
0.6978919
0.988854
0.8392758
0.6853891
1.181647
1.187303
1.196119
1.399842
1.451199
0.6423534
1.491451
0.37052
1.08754
1.013928
1.118763
0.9398458
1.124487
0.4702787
1.119848
1.199672
0.873355
1.233376
1.107888
1.35186
1.056813
0.4222107
1.051355
0.954851
0.4450353
0.4736405
0.4471578
1.100632
0.912622
0.7777633
1.180179
0.7724989
0.51386
0.4630712
-0.02543334
0.4105972
0.8735756
-0.03393077
0.4130344
0.434813
0.1705686
0.4293401
0.2512271
0.4189785
0.4327754
-0.4837363
0.5435354
0.2455391
0.9687654
0.04103989
-0.2601663
0.1915646
-0.3465529
-0.08885187
-0.392154
0.04084418
0.1083
-0.3462043
-0.1419492
-0.3244288
-0.538592
-0.7901386
-0.4108195
0.1736751
-0.1299103
-0.2729121
-0.1699285
-0.01256607
-0.2733218
-0.8319914
-0.949897
-0.8387567
-0.6650824
-1.305075
-1.027935
-0.309005
-0.7027587
-1.015825
-0.3552282
-0.5369883
-0.8373
-0.6459461
-1.184255
-1.47278
-1.352491
-0.8899302
-0.8838244
-0.9297637
-0.9473182
-1.244643
-1.221809
-1.385374
-1.282433
-0.7154892
-0.8797087
-0.8447705
-1.880788
-0.8948513
-1.278291
-1.062806
-0.7361472
-0.8357972
-0.7971494
-0.435383
-0.6381799
-0.6683805
-1.188161
-0.944584
-0.01511852
-1.240164
0.07950674
-0.3308554
-0.6805326
-0.5007664
-0.1631153
-0.4358393
-0.2629349
-0.4126036
-0.268236
-0.3019825
-0.4623134
-0.01575327
-0.5309962
-0.6252145
-0.01049857
-0.3547276
0.3918551
0.4320704
-0.227299
-0.1829965
-0.01874493
0.01060495
-0.3121426
-0.1532853
0.6767615
-0.2296352
-0.2431805
0.4618583
0.07287021
0.6292731
0.6826478
0.2597919
0.63054
0.9795968
0.5254613
0.5816838
0.7800086
0.472588
0.8342643
0.9250944
0.5617948
0.533864
1.008289
0.7414678
0.6031243
0.9885593
0.6063611
0.9951164
1.116143
1.003682
0.7473305
0.8079358
0.2851711
0.6171115
1.146964
1.408005
0.876001
1.026524
0.9736096
0.532904
1.342852
1.017526
0.6075572
1.363028
0.9918025
0.2967653
1.236652
0.4322739
0.8578166
0.7268714
0.7725978
0.8676064
0.9896933
0.3878483
1.080243
1.013011
1.424373
0.1762919
0.7696277
0.02765882
0.7010135
0.8366395
0.5769215
0.6402614
0.6586692
0.2152749
0.5945978
0.003669899
0.858831
0.5574965
0.2542449
-0.02692406
-0.2712072
0.2393395
0.01835981
0.6891144
0.1710872
-0.3420234
-0.3390173
0.1675906
-0.1000089
0.4226847
-0.3973315
-0.7467005
-0.1620279
-0.3047534
-0.2467412
-0.346227
-0.6281572
-0.007708146
0.05810024
-0.1205836
-0.3880559
-0.8528491
-0.3120975
-0.6407106
-1.114527
-1.08985
-1.029373
-0.6947977
-1.10795
-0.4303996
-0.3744541
-0.7180738
-0.7754413
-1.06392
-1.261342
-0.8350434
-1.11894
-0.8974708
-1.048022
-1.113205
-1.213816
-1.157417
-1.25448
-1.670777
-1.881084
-0.6966222
-1.007022
-0.8874526
-0.7257117
-0.962013
-0.5249373
-0.8242962
-0.540788
-1.099266
-0.7629942
-0.7356802
-1.052019
-0.5760323
-0.6007092
-0.5486612
-1.254077
-0.7274591
-0.7514566
-1.065427
-0.9527218
-0.4370066
-0.7484308
-0.1658729
-0.9030947
-0.4903244
-0.8552163
-0.6612547
-0.6438755
-0.6834439
-0.3168913
-0.1130947
-0.1022511
-0.05081122
-0.1299343
-0.06547774
-0.5397888
-0.76149
0.2631622
-0.6519609
0.3725721
0.01603295
-0.3588191
0.3730245
0.03953557
0.1820933
0.5930647
-0.0197706
0.5592337
0.5649963
0.5650154
0.3623655
1.032939
0.4383897
0.1491983
1.004891
0.4650328
0.597053
-0.06892246
0.4612399
1.142321
0.9545061
0.7591585
0.8532695
0.6343811
0.5495695
0.6033715
0.9312354
0.7436656
0.8758897
1.093412
1.151677
0.4619825
0.8456665
1.480842
0.7197667
1.106353
0.614668
1.323699
1.113638
1.147932
0.6932788
0.8682235
0.5869875
0.4524657
0.8065747
0.7259295
0.9403657
0.6945045
1.122843
0.8740073
1.191968
1.052124
1.307665
1.038969
0.2868969
0.8524915
0.6946971
0.5790436
0.9703329
0.9756138
0.7023396
0.7258488
0.7576909
0.544608
0.6350279
0.2202286
-0.2969786
0.6223364
0.9243378
-0.08742666
-0.1702449
0.3369957
0.5329965
0.6114992
0.2050236
0.4637898
-0.1129483
-0.02275278
0.03097326
0.2155463
-0.7327421
0.1716118
-0.4204548
-0.07616861
-0.4968532
-0.1431499
-0.1423597
-0.4138142
-0.2191077
-0.5188481
-0.327328
-0.4983851
